1460,0.0242,0.8346,0.03691,194,82.45,0.159,12.93,1.074,0.005536,0.001406,0.002812,0,0,0,0,0,0,0,0,0
1461,0.024,0.8362,0.03662,197.2,82.79,0.1577,12.9,1.074,0.005447,0.001346,0.002784,0,0,0,0,0,0,0,0,0
1462,0.02382,0.8378,0.03636,200.4,83.17,0.1564,12.88,1.075,0.005366,0.00129,0.002758,0,0,0,0,0,0,0,0,0
1463,0.02366,0.8393,0.03612,203.6,83.59,0.1552,12.86,1.077,0.00529,0.001238,0.002733,0,0,0,0,0,0,0,0,0
1464,0.02351,0.8407,0.0359,206.8,84.03,0.1541,12.83,1.08,0.00522,0.001189,0.002709,0,0,0,0,0,0,0,0,0
1465,0.02337,0.8421,0.0357,210,84.51,0.1531,12.81,1.083,0.005155,0.001143,0.002687,0,0,0,0,0,0,0,0,0
1466,0.02325,0.8434,0.03552,213.2,85.02,0.1521,12.78,1.086,0.005095,0.001099,0.002666,0,0,0,0,0,0,0,0,0
1467,0.02314,0.8448,0.03535,216.4,85.56,0.1511,12.76,1.091,0.00504,0.001058,0.002646,0,0,0,0,0,0,0,0,0
1468,0.02304,0.846,0.0352,219.6,86.13,0.1502,12.74,1.096,0.004989,0.00102,0.002628,0,0,0,0,0,0,0,0,0
1469,0.02296,0.8473,0.03507,222.8,86.73,0.1494,12.71,1.101,0.004942,0.0009839,0.00261,0,0,0,0,0,0,0,0,0
1470,0.02288,0.8485,0.03495,226.1,87.36,0.1486,12.69,1.108,0.0049,0.0009498,0.002594,0,0,0,0,0,0,0,0,0
1471,0.02281,0.8497,0.03485,229.3,88.02,0.1479,12.67,1.114,0.004861,0.0009178,0.002579,0,0,0,0,0,0,0,0,0
1472,0.02276,0.8508,0.03476,232.5,88.71,0.1472,12.64,1.122,0.004826,0.0008875,0.002565,0,0,0,0,0,0,0,0,0
1473,0.02271,0.852,0.03468,235.7,89.43,0.1466,12.62,1.13,0.004795,0.000859,0.002552,0,0,0,0,0,0,0,0,0
1474,0.02267,0.8531,0.03461,238.9,90.18,0.146,12.6,1.139,0.004767,0.0008322,0.00254,0,0,0,0,0,0,0,0,0
1475,0.02264,0.8541,0.03456,242.1,90.96,0.1455,12.57,1.148,0.004742,0.0008068,0.002529,0,0,0,0,0,0,0,0,0
1476,0.02229,0.8569,0.03408,250.3,91.77,0.1419,12.55,1.142,0.004562,0.0007354,0.002456,0,0,0,0,0,0,0,0,0
1477,0.02193,0.8596,0.03358,259.1,92.6,0.1384,12.52,1.136,0.004385,0.0006699,0.002385,0,0,0,0,0,0,0,0,0
1478,0.0216,0.8621,0.03311,268,93.47,0.1352,12.5,1.131,0.004222,0.000612,0.00232,0,0,0,0,0,0,0,0,0
1479,0.02129,0.8645,0.03267,276.8,94.36,0.1322,12.47,1.128,0.004074,0.0005605,0.002259,0,0,0,0,0,0,0,0,0
1480,0.02101,0.8668,0.03227,285.6,95.28,0.1293,12.44,1.124,0.003937,0.0005147,0.002203,0,0,0,0,0,0,0,0,0
1481,0.02075,0.869,0.03189,294.4,96.22,0.1267,12.42,1.122,0.003812,0.0004737,0.00215,0,0,0,0,0,0,0,0,0
1482,0.02051,0.871,0.03155,303.2,97.2,0.1242,12.39,1.121,0.003696,0.0004369,0.002101,0,0,0,0,0,0,0,0,0
1483,0.02029,0.873,0.03122,312,98.2,0.1219,12.36,1.12,0.003589,0.0004038,0.002055,0,0,0,0,0,0,0,0,0
1484,0.02009,0.8749,0.03093,320.8,99.23,0.1196,12.34,1.12,0.003491,0.000374,0.002011,0,0,0,0,0,0,0,0,0
1485,0.0199,0.8767,0.03065,329.7,100.3,0.1175,12.31,1.12,0.003399,0.000347,0.001971,0,0,0,0,0,0,0,0,0
1486,0.01973,0.8784,0.03039,338.5,101.4,0.1156,12.28,1.122,0.003314,0.0003226,0.001933,0,0,0,0,0,0,0,0,0
1487,0.01957,0.8801,0.03016,347.3,102.5,0.1137,12.26,1.123,0.003235,0.0003004,0.001897,0,0,0,0,0,0,0,0,0
1488,0.01942,0.8817,0.02994,356.1,103.6,0.1119,12.23,1.126,0.003161,0.0002802,0.001863,0,0,0,0,0,0,0,0,0
1489,0.01929,0.8833,0.02973,364.9,104.7,0.1103,12.2,1.129,0.003093,0.0002618,0.001831,0,0,0,0,0,0,0,0,0
1490,0.01917,0.8848,0.02954,373.7,105.9,0.1087,12.18,1.132,0.003029,0.0002449,0.001801,0,0,0,0,0,0,0,0,0
1491,0.01906,0.8862,0.02937,382.5,107.1,0.1072,12.15,1.136,0.002969,0.0002295,0.001772,0,0,0,0,0,0,0,0,0
1492,0.01895,0.8876,0.02921,391.4,108.3,0.1057,12.12,1.14,0.002914,0.0002154,0.001745,0,0,0,0,0,0,0,0,0
1493,0.01886,0.889,0.02906,400.2,109.6,0.1044,12.1,1.145,0.002861,0.0002024,0.001719,0,0,0,0,0,0,0,0,0
1494,0.01878,0.8903,0.02892,409,110.9,0.1031,12.07,1.15,0.002813,0.0001905,0.001695,0,0,0,0,0,0,0,0,0
1495,0.0187,0.8916,0.0288,417.8,112.1,0.1019,12.04,1.156,0.002767,0.0001794,0.001672,0,0,0,0,0,0,0,0,0
1496,0.01863,0.8928,0.02868,426.6,113.5,0.1007,12.01,1.162,0.002724,0.0001693,0.00165,0,0,0,0,0,0,0,0,0
1497,0.01857,0.894,0.02857,435.4,114.8,0.09956,11.99,1.169,0.002684,0.0001598,0.00163,0,0,0,0,0,0,0,0,0
1498,0.01851,0.8952,0.02847,444.2,116.1,0.0985,11.96,1.175,0.002646,0.0001511,0.00161,0,0,0,0,0,0,0,0,0
1499,0.01846,0.8963,0.02838,453.1,117.5,0.09749,11.93,1.183,0.00261,0.0001431,0.001591,0,0,0,0,0,0,0,0,0
1500,0.01841,0.8974,0.0283,461.9,118.9,0.09653,11.91,1.19,0.002577,0.0001356,0.001573,0,0,0,0,0,0,0,0,0
1501,0.01837,0.8985,0.02822,470.7,120.3,0.09561,11.88,1.198,0.002545,0.0001286,0.001556,0,0,0,0,0,0,0,0,0
1502,0.01834,0.8996,0.02815,479.5,121.7,0.09473,11.85,1.206,0.002516,0.0001221,0.00154,0,0,0,0,0,0,0,0,0
1503,0.01831,0.9006,0.02809,488.3,123.2,0.0939,11.83,1.215,0.002488,0.000116,0.001525,0,0,0,0,0,0,0,0,0
1504,0.01828,0.9016,0.02803,497.1,124.6,0.0931,11.8,1.224,0.002462,0.0001104,0.00151,0,0,0,0,0,0,0,0,0
1505,0.01826,0.9026,0.02798,505.9,126.1,0.09235,11.77,1.233,0.002437,0.0001051,0.001497,0,0,0,0,0,0,0,0,0
1506,0.01834,0.9031,0.02808,510.8,127.6,0.09239,11.75,1.25,0.002447,0.0001027,0.001497,0,0,0,0,0,0,0,0,0
1507,0.01851,0.9032,0.02831,512.3,129.1,0.09304,11.74,1.273,0.002485,0.0001023,0.001509,0,0,0,0,0,0,0,0,0
1508,0.01867,0.9033,0.02857,513.5,130.6,0.09375,11.74,1.298,0.002527,0.000102,0.001522,0,0,0,0,0,0,0,0,0
1509,0.01884,0.9035,0.02883,514.7,132.1,0.09449,11.74,1.323,0.00257,0.0001018,0.001536,0,0,0,0,0,0,0,0,0
1510,0.019,0.9036,0.02909,515.9,133.7,0.09526,11.74,1.349,0.002614,0.0001017,0.00155,0,0,0,0,0,0,0,0,0
1511,0.01916,0.9037,0.02934,517.1,135.2,0.09606,11.74,1.375,0.002659,0.0001017,0.001565,0,0,0,0,0,0,0,0,0
1512,0.01932,0.9039,0.0296,518.3,136.8,0.0969,11.75,1.402,0.002706,0.0001017,0.00158,0,0,0,0,0,0,0,0,0
1513,0.01948,0.904,0.02985,519.6,138.4,0.09776,11.75,1.43,0.002753,0.0001018,0.001596,0,0,0,0,0,0,0,0,0
1514,0.01964,0.9041,0.0301,520.8,140,0.09866,11.75,1.459,0.002802,0.0001019,0.001613,0,0,0,0,0,0,0,0,0
1515,0.0198,0.9042,0.03035,522,141.6,0.09959,11.75,1.489,0.002852,0.0001021,0.00163,0,0,0,0,0,0,0,0,0
1516,0.01996,0.9044,0.0306,523.2,143.2,0.1005,11.75,1.519,0.002903,0.0001024,0.001648,0,0,0,0,0,0,0,0,0
1517,0.02011,0.9045,0.03085,524.4,144.8,0.1015,11.75,1.55,0.002955,0.0001028,0.001666,0,0,0,0,0,0,0,0,0
1518,0.02027,0.9046,0.03109,525.6,146.4,0.1026,11.75,1.581,0.003008,0.0001032,0.001686,0,0,0,0,0,0,0,0,0
1519,0.02042,0.9047,0.03133,526.8,148.1,0.1036,11.76,1.614,0.003063,0.0001037,0.001706,0,0,0,0,0,0,0,0,0
1520,0.02057,0.9048,0.03157,528,149.7,0.1047,11.76,1.647,0.003119,0.0001043,0.001726,0,0,0,0,0,0,0,0,0
1521,0.02072,0.905,0.0318,529.2,151.4,0.1059,11.76,1.681,0.003176,0.000105,0.001747,0,0,0,0,0,0,0,0,0
1522,0.02086,0.9051,0.03203,530.4,153,0.107,11.76,1.716,0.003235,0.0001057,0.00177,0,0,0,0,0,0,0,0,0
1523,0.02101,0.9052,0.03226,531.7,154.7,0.1082,11.76,1.751,0.003294,0.0001065,0.001792,0,0,0,0,0,0,0,0,0
1524,0.02115,0.9053,0.03249,532.9,156.3,0.1095,11.76,1.788,0.003355,0.0001074,0.001816,0,0,0,0,0,0,0,0,0
1525,0.02129,0.9054,0.03271,534.1,158,0.1108,11.77,1.825,0.003417,0.0001083,0.00184,0,0,0,0,0,0,0,0,0
1526,0.02142,0.9055,0.03292,535.3,159.6,0.1121,11.77,1.863,0.003481,0.0001093,0.001865,0,0,0,0,0,0,0,0,0
1527,0.02156,0.9057,0.03314,536.5,161.3,0.1134,11.77,1.902,0.003546,0.0001104,0.001891,0,0,0,0,0,0,0,0,0
1528,0.02169,0.9058,0.03335,537.7,163,0.1148,11.77,1.942,0.003612,0.0001116,0.001918,0,0,0,0,0,0,0,0,0
1529,0.02182,0.9059,0.03355,538.9,164.6,0.1162,11.77,1.983,0.003679,0.0001129,0.001945,0,0,0,0,0,0,0,0,0
1530,0.02195,0.906,0.03375,540.1,166.3,0.1177,11.77,2.024,0.003748,0.0001143,0.001974,0,0,0,0,0,0,0,0,0
1531,0.02207,0.9061,0.03395,541.3,167.9,0.1192,11.77,2.067,0.003818,0.0001157,0.002003,0,0,0,0,0,0,0,0,0
1532,0.02219,0.9062,0.03414,542.5,169.6,0.1207,11.78,2.11,0.003889,0.0001173,0.002033,0,0,0,0,0,0,0,0,0
1533,0.02231,0.9063,0.03433,543.8,171.3,0.1223,11.78,2.154,0.003962,0.0001189,0.002064,0,0,0,0,0,0,0,0,0
1534,0.02242,0.9064,0.03452,545,172.9,0.1239,11.78,2.2,0.004036,0.0001206,0.002096,0,0,0,0,0,0,0,0,0
1535,0.02253,0.9065,0.0347,546.2,174.6,0.1256,11.78,2.246,0.004112,0.0001225,0.002129,0,0,0,0,0,0,0,0,0
1536,0.02267,0.9065,0.03492,546.3,176.2,0.1276,11.78,2.296,0.004203,0.0001252,0.002168,0,0,0,0,0,0,0,0,0
1537,0.02304,0.9065,0.03549,540.8,177.8,0.1297,11.79,2.348,0.004342,0.0001282,0.002209,0,0,0,0,0,0,0,0,0
1538,0.02343,0.9065,0.03612,534.8,179.5,0.1319,11.8,2.403,0.004493,0.0001315,0.002253,0,0,0,0,0,0,0,0,0
1539,0.02382,0.9065,0.03675,528.7,181.1,0.1342,11.81,2.459,0.004651,0.0001351,0.002299,0,0,0,0,0,0,0,0,0
1540,0.02422,0.9065,0.03738,522.6,182.7,0.1366,11.82,2.518,0.004817,0.000139,0.002348,0,0,0,0,0,0,0,0,0
1541,0.02462,0.9064,0.03802,516.6,184.3,0.1391,11.83,2.578,0.004992,0.0001433,0.0024,0,0,0,0,0,0,0,0,0
1542,0.02501,0.9064,0.03867,510.5,185.9,0.1418,11.84,2.641,0.005174,0.0001479,0.002455,0,0,0,0,0,0,0,0,0
1543,0.02542,0.9064,0.03932,504.4,187.5,0.1446,11.86,2.706,0.005365,0.000153,0.002512,0,0,0,0,0,0,0,0,0
1544,0.02582,0.9064,0.03997,498.3,189.1,0.1476,11.87,2.774,0.005566,0.0001585,0.002573,0,0,0,0,0,0,0,0,0
1545,0.02623,0.9063,0.04063,492.3,190.7,0.1507,11.88,2.844,0.005776,0.0001644,0.002638,0,0,0,0,0,0,0,0,0
1546,0.02664,0.9063,0.0413,486.2,192.3,0.1539,11.89,2.916,0.005997,0.000171,0.002706,0,0,0,0,0,0,0,0,0
1547,0.02705,0.9063,0.04196,480.1,193.8,0.1574,11.9,2.991,0.006229,0.0001781,0.002778,0,0,0,0,0,0,0,0,0
1548,0.02746,0.9062,0.04263,474.1,195.4,0.1609,11.91,3.068,0.006473,0.0001858,0.002854,0,0,0,0,0,0,0,0,0
1549,0.02787,0.9062,0.04331,468,196.9,0.1647,11.93,3.149,0.006728,0.0001943,0.002934,0,0,0,0,0,0,0,0,0
1550,0.02829,0.9062,0.04399,461.9,198.4,0.1686,11.94,3.232,0.006997,0.0002035,0.003019,0,0,0,0,0,0,0,0,0
1551,0.02871,0.9061,0.04467,455.9,199.9,0.1727,11.95,3.318,0.007279,0.0002137,0.003108,0,0,0,0,0,0,0,0,0
1552,0.02913,0.9061,0.04535,449.8,201.4,0.1771,11.96,3.408,0.007576,0.0002248,0.003203,0,0,0,0,0,0,0,0,0
1553,0.02955,0.906,0.04604,443.7,202.9,0.1816,11.97,3.5,0.007888,0.000237,0.003304,0,0,0,0,0,0,0,0,0
1554,0.02997,0.906,0.04674,437.7,204.4,0.1864,11.99,3.596,0.008217,0.0002504,0.00341,0,0,0,0,0,0,0,0,0
1555,0.0304,0.9059,0.04743,431.6,205.8,0.1913,12,3.695,0.008562,0.0002651,0.003522,0,0,0,0,0,0,0,0,0
1556,0.03083,0.9059,0.04813,425.5,207.3,0.1966,12.01,3.798,0.008925,0.0002814,0.003641,0,0,0,0,0,0,0,0,0
1557,0.03126,0.9058,0.04884,419.4,208.7,0.202,12.02,3.904,0.009308,0.0002995,0.003767,0,0,0,0,0,0,0,0,0
1558,0.03169,0.9057,0.04955,413.4,210.1,0.2077,12.03,4.014,0.009711,0.0003194,0.0039,0,0,0,0,0,0,0,0,0
1559,0.03212,0.9057,0.05026,407.3,211.5,0.2137,12.04,4.128,0.01013,0.0003416,0.004041,0,0,0,0,0,0,0,0,0
1560,0.03256,0.9056,0.05098,401.2,212.8,0.22,12.06,4.246,0.01058,0.0003663,0.004191,0,0,0,0,0,0,0,0,0
1561,0.033,0.9055,0.0517,395.2,214.2,0.2266,12.07,4.368,0.01105,0.0003939,0.004349,0,0,0,0,0,0,0,0,0
1562,0.03344,0.9054,0.05242,389.1,215.5,0.2335,12.08,4.494,0.01155,0.0004248,0.004518,0,0,0,0,0,0,0,0,0
1563,0.03388,0.9054,0.05315,383,216.8,0.2407,12.09,4.624,0.01207,0.0004595,0.004696,0,0,0,0,0,0,0,0,0
1564,0.03433,0.9053,0.05389,377,218.1,0.2483,12.1,4.758,0.01262,0.0004985,0.004885,0,0,0,0,0,0,0,0,0
1565,0.03478,0.9052,0.05463,370.9,219.4,0.2562,12.12,4.898,0.0132,0.0005425,0.005086,0,0,0,0,0,0,0,0,0
1566,0.03524,0.9051,0.05538,364.8,220.7,0.2645,12.13,5.041,0.01382,0.0005924,0.005299,0,0,0,0,0,0,0,0,0
1567,0.03594,0.905,0.05653,356.2,221.9,0.2732,12.14,5.191,0.01457,0.0006496,0.005528,0,0,0,0,0,0,0,0,0
1568,0.03676,0.9048,0.05791,346.6,223.1,0.2826,12.17,5.35,0.01544,0.0007156,0.005775,0,0,0,0,0,0,0,0,0
1569,0.03761,0.9047,0.05936,336.8,224.3,0.2925,12.2,5.517,0.01638,0.0007922,0.006044,0,0,0,0,0,0,0,0,0
1570,0.03849,0.9046,0.06086,327,225.5,0.3032,12.23,5.692,0.01741,0.0008817,0.006336,0,0,0,0,0,0,0,0,0
1571,0.03941,0.9044,0.06242,317.2,226.7,0.3145,12.26,5.876,0.01852,0.0009867,0.006653,0,0,0,0,0,0,0,0,0
1572,0.04036,0.9043,0.06405,307.4,227.8,0.3267,12.29,6.069,0.01974,0.001111,0.006998,0,0,0,0,0,0,0,0,0
1573,0.04136,0.9041,0.06574,297.7,229,0.3397,12.32,6.271,0.02107,0.001258,0.007375,0,0,0,0,0,0,0,0,0
1574,0.04239,0.9039,0.06751,287.9,230.1,0.3536,12.35,6.483,0.02252,0.001434,0.007786,0,0,0,0,0,0,0,0,0
1575,0.04348,0.9037,0.06937,278.1,231.2,0.3685,12.38,6.706,0.02411,0.001645,0.008236,0,0,0,0,0,0,0,0,0
1576,0.04462,0.9035,0.07131,268.3,232.2,0.3844,12.42,6.94,0.02586,0.001901,0.008729,0,0,0,0,0,0,0,0,0
1577,0.04583,0.9032,0.07337,258.5,233.3,0.4015,12.45,7.185,0.02779,0.002213,0.009269,0,0,0,0,0,0,0,0,0
1578,0.0471,0.9029,0.07554,248.8,234.3,0.4198,12.48,7.442,0.02992,0.002597,0.009863,0,0,0,0,0,0,0,0,0
1579,0.04846,0.9027,0.07784,239,235.3,0.4394,12.51,7.712,0.03227,0.003072,0.01052,0,0,0,0,0,0,0,0,0
1580,0.0499,0.9023,0.0803,229.2,236.3,0.4605,12.54,7.994,0.03488,0.003665,0.01123,0,0,0,0,0,0,0,0,0
1581,0.05146,0.902,0.08293,219.4,237.2,0.483,12.57,8.29,0.03778,0.00441,0.01202,0,0,0,0,0,0,0,0,0
1582,0.05313,0.9016,0.08576,209.6,238.2,0.507,12.6,8.6,0.04102,0.005354,0.0129,0,0,0,0,0,0,0,0,0
1583,0.05495,0.9012,0.08883,199.8,239.1,0.5327,12.63,8.922,0.04465,0.006558,0.01385,0,0,0,0,0,0,0,0,0
1584,0.05694,0.9007,0.09219,190.1,240,0.5601,12.67,9.258,0.04871,0.008106,0.01491,0,0,0,0,0,0,0,0,0
1585,0.05913,0.9002,0.09587,180.3,240.9,0.5891,12.7,9.607,0.05329,0.01011,0.01606,0,0,0,0,0,0,0,0,0
1586,0.06157,0.8996,0.09996,170.5,241.7,0.6198,12.73,9.966,0.05845,0.01271,0.01732,0,0,0,0,0,0,0,0,0
1587,0.06431,0.899,0.1045,160.7,242.6,0.6519,12.76,10.33,0.0643,0.01611,0.01868,0,0,0,0,0,0,0,0,0
1588,0.06742,0.8983,0.1097,150.9,243.4,0.6853,12.79,10.71,0.07095,0.02057,0.02015,0,0,0,0,0,0,0,0,0
1589,0.071,0.8975,0.1157,141.2,244.2,0.7195,12.82,11.09,0.07853,0.0264,0.0217,0,0,0,0,0,0,0,0,0
1590,0.07517,0.8966,0.1226,131.4,244.9,0.7539,12.85,11.46,0.0872,0.03402,0.02332,0,0,0,0,0,0,0,0,0
1591,0.0801,0.8956,0.1308,121.6,245.7,0.7878,12.88,11.82,0.09718,0.0439,0.02496,0,0,0,0,0,0,0,0,0
1592,0.08602,0.8945,0.1405,111.8,246.4,0.82,12.92,12.16,0.1087,0.05659,0.02656,0,0,0,0,0,0,0,0,0
1593,0.09326,0.8932,0.1524,102,247.1,0.8494,12.95,12.46,0.1222,0.0726,0.02808,0,0,0,0,0,0,0,0,0
1594,0.1022,0.8917,0.1672,92.26,247.8,0.875,12.98,12.73,0.138,0.09239,0.02942,0,0,0,0,0,0,0,0,0
1595,0.1136,0.89,0.1857,82.48,248.5,0.8961,13.01,12.95,0.157,0.1162,0.03055,0,0,0,0,0,0,0,0,0
1596,0.1282,0.8879,0.2095,72.7,249.1,0.9133,13.04,13.13,0.1805,0.1441,0.03148,0,0,0,0,0,0,0,0,0
1597,0.1418,0.8856,0.2317,65.61,249.8,0.9211,13.07,13.21,0.2013,0.1747,0.03191,0,0,0,0,0,0,0,0,0
1598,0.1464,0.8832,0.2391,64.19,250.4,0.903,13.11,13.08,0.2037,0.2023,0.03092,0,0,0,0,0,0,0,0,0
1599,0.1514,0.8809,0.2475,63.36,251,0.8602,13.16,12.73,0.2009,0.222,0.02864,0,0,0,0,0,0,0,0,0
1600,0.158,0.8786,0.2585,62.54,251.5,0.8007,13.21,12.21,0.1952,0.2303,0.02559,0,0,0,0,0,0,0,0,0
1601,0.1657,0.8764,0.2712,61.72,252.1,0.7352,13.27,11.61,0.1881,0.2271,0.02243,0,0,0,0,0,0,0,0,0
1602,0.1738,0.8742,0.2847,60.9,252.6,0.6732,13.32,11.01,0.1808,0.2158,0.01961,0,0,0,0,0,0,0,0,0
1603,0.1817,0.8721,0.2979,60.08,253.1,0.621,13.37,10.49,0.1745,0.2009,0.01737,0,0,0,0,0,0,0,0,0
1604,0.1888,0.87,0.3099,59.25,253.6,0.5809,13.42,10.06,0.1698,0.1863,0.01573,0,0,0,0,0,0,0,0,0
1605,0.195,0.8678,0.3203,58.43,254.1,0.5525,13.47,9.755,0.1669,0.174,0.01461,0,0,0,0,0,0,0,0,0
1606,0.2001,0.8655,0.3289,57.61,254.5,0.5345,13.53,9.555,0.1659,0.1648,0.01392,0,0,0,0,0,0,0,0,0
1607,0.2043,0.8631,0.3359,56.79,255,0.525,13.58,9.448,0.1664,0.1585,0.01356,0,0,0,0,0,0,0,0,0
1608,0.2076,0.8605,0.3416,55.97,255.4,0.5221,13.63,9.415,0.1682,0.155,0.01345,0,0,0,0,0,0,0,0,0
1609,0.2103,0.8577,0.3461,55.15,255.8,0.5242,13.68,9.438,0.1711,0.1538,0.01353,0,0,0,0,0,0,0,0,0
1610,0.2126,0.8547,0.3497,54.32,256.1,0.5301,13.73,9.501,0.1749,0.1544,0.01375,0,0,0,0,0,0,0,0,0
1611,0.2146,0.8515,0.3528,53.5,256.5,0.5385,13.79,9.59,0.1792,0.1565,0.01407,0,0,0,0,0,0,0,0,0
1612,0.2164,0.8479,0.3555,52.68,256.8,0.5486,13.84,9.691,0.184,0.1597,0.01446,0,0,0,0,0,0,0,0,0
1613,0.2181,0.8441,0.3579,51.86,257.1,0.5594,13.89,9.796,0.1889,0.1638,0.01488,0,0,0,0,0,0,0,0,0
1614,0.2199,0.84,0.3603,51.04,257.4,0.5704,13.94,9.896,0.1939,0.1685,0.01531,0,0,0,0,0,0,0,0,0
1615,0.2218,0.8356,0.3627,50.21,257.7,0.5811,14,9.983,0.1988,0.1735,0.01574,0,0,0,0,0,0,0,0,0
1616,0.2239,0.8307,0.3651,49.39,258,0.5909,14.05,10.05,0.2036,0.1787,0.01613,0,0,0,0,0,0,0,0,0
1617,0.2261,0.8255,0.3677,48.57,258.2,0.5998,14.1,10.11,0.2081,0.1839,0.01649,0,0,0,0,0,0,0,0,0
1618,0.2286,0.8198,0.3704,47.75,258.5,0.6075,14.15,10.13,0.2122,0.1889,0.01681,0,0,0,0,0,0,0,0,0
1619,0.2312,0.8136,0.3731,46.93,258.7,0.6139,14.2,10.14,0.2161,0.1936,0.01707,0,0,0,0,0,0,0,0,0
1620,0.2341,0.8069,0.3759,46.1,258.9,0.6192,14.26,10.12,0.2196,0.198,0.01729,0,0,0,0,0,0,0,0,0
1621,0.2372,0.7997,0.3786,45.28,259,0.6234,14.31,10.08,0.2227,0.2019,0.01747,0,0,0,0,0,0,0,0,0
1622,0.2405,0.7917,0.3813,44.46,259.2,0.6265,14.36,10.02,0.2254,0.2053,0.0176,0,0,0,0,0,0,0,0,0
1623,0.2439,0.7831,0.3838,43.64,259.3,0.6288,14.41,9.936,0.2277,0.2083,0.01769,0,0,0,0,0,0,0,0,0
1624,0.2475,0.7736,0.3861,42.82,259.5,0.6303,14.46,9.83,0.2296,0.2108,0.01776,0,0,0,0,0,0,0,0,0
1625,0.2513,0.7633,0.388,41.99,259.6,0.6311,14.52,9.702,0.231,0.2128,0.01779,0,0,0,0,0,0,0,0,0
1626,0.2552,0.7519,0.3895,41.17,259.7,0.6313,14.57,9.551,0.232,0.2143,0.0178,0,0,0,0,0,0,0,0,0
1627,0.2593,0.7394,0.3905,40.35,259.7,0.6308,14.62,9.376,0.2324,0.2154,0.01778,0,0,0,0,0,0,0,0,0
1628,0.2627,0.7257,0.3895,39.72,259.8,0.6288,14.67,9.176,0.231,0.2154,0.0177,0,0,0,0,0,0,0,0,0
1629,0.2658,0.7107,0.3879,39.12,259.8,0.6254,14.75,8.952,0.2288,0.2146,0.01755,0,0,0,0,0,0,0,0,0
1630,0.2691,0.6942,0.3855,38.52,259.8,0.6208,14.83,8.698,0.2258,0.2129,0.01736,0,0,0,0,0,0,0,0,0
1631,0.2726,0.6763,0.3823,37.93,259.8,0.615,14.9,8.413,0.2218,0.2102,0.01712,0,0,0,0,0,0,0,0,0
1632,0.2763,0.6567,0.3781,37.33,259.8,0.608,14.98,8.096,0.2169,0.2066,0.01683,0,0,0,0,0,0,0,0,0
1633,0.2801,0.6353,0.3728,36.74,259.8,0.5997,15.06,7.748,0.2109,0.2021,0.01649,0,0,0,0,0,0,0,0,0
1634,0.2842,0.6121,0.3662,36.14,259.7,0.5902,15.14,7.371,0.2039,0.1967,0.0161,0,0,0,0,0,0,0,0,0
1635,0.2885,0.5872,0.3584,35.55,259.7,0.5795,15.22,6.964,0.1959,0.1903,0.01567,0,0,0,0,0,0,0,0,0
1636,0.293,0.5605,0.3491,34.95,259.6,0.5673,15.29,6.531,0.1869,0.1829,0.01519,0,0,0,0,0,0,0,0,0
1637,0.2977,0.5322,0.3385,34.36,259.5,0.5539,15.37,6.077,0.1769,0.1747,0.01466,0,0,0,0,0,0,0,0,0
1638,0.3026,0.5025,0.3266,33.76,259.4,0.5391,15.45,5.608,0.1661,0.1656,0.0141,0,0,0,0,0,0,0,0,0
1639,0.3078,0.4719,0.3135,33.17,259.2,0.5232,15.53,5.132,0.1547,0.1557,0.0135,0,0,0,0,0,0,0,0,0
1640,0.3131,0.4408,0.2994,32.57,259.1,0.5064,15.61,4.659,0.143,0.1453,0.01287,0,0,0,0,0,0,0,0,0
1641,0.3186,0.4098,0.2846,31.98,258.9,0.4889,15.69,4.198,0.1313,0.1346,0.01224,0,0,0,0,0,0,0,0,0
1642,0.3241,0.3794,0.2694,31.38,258.7,0.4711,15.76,3.758,0.1197,0.1238,0.0116,0,0,0,0,0,0,0,0,0
1643,0.3297,0.3502,0.2542,30.79,258.5,0.4533,15.84,3.347,0.1087,0.1132,0.01099,0,0,0,0,0,0,0,0,0
1644,0.3352,0.3226,0.2393,30.19,258.3,0.4359,15.92,2.971,0.09841,0.103,0.01039,0,0,0,0,0,0,0,0,0
1645,0.3406,0.2971,0.2251,29.6,258.1,0.4191,16,2.634,0.089,0.09332,0.009839,0,0,0,0,0,0,0,0,0
1646,0.3459,0.2739,0.2118,29,257.8,0.4033,16.08,2.336,0.08056,0.0844,0.009325,0,0,0,0,0,0,0,0,0
1647,0.351,0.253,0.1995,28.41,257.6,0.3886,16.15,2.077,0.07312,0.07629,0.008858,0,0,0,0,0,0,0,0,0
1648,0.3559,0.2345,0.1884,27.81,257.3,0.3751,16.23,1.854,0.06666,0.06901,0.008438,0,0,0,0,0,0,0,0,0
1649,0.3605,0.2182,0.1785,27.22,257,0.3629,16.31,1.664,0.06112,0.06257,0.008067,0,0,0,0,0,0,0,0,0
1650,0.3649,0.2041,0.1698,26.62,256.6,0.3521,16.39,1.502,0.05641,0.05693,0.007741,0,0,0,0,0,0,0,0,0
1651,0.369,0.1919,0.1623,26.03,256.3,0.3426,16.47,1.365,0.05246,0.05202,0.00746,0,0,0,0,0,0,0,0,0
1652,0.3729,0.1815,0.1559,25.43,255.9,0.3344,16.54,1.251,0.04917,0.04777,0.007219,0,0,0,0,0,0,0,0,0
1653,0.3765,0.1726,0.1504,24.84,255.6,0.3273,16.62,1.154,0.04646,0.04413,0.007016,0,0,0,0,0,0,0,0,0
1654,0.3799,0.1651,0.1459,24.24,255.2,0.3215,16.7,1.073,0.04425,0.04101,0.006848,0,0,0,0,0,0,0,0,0
1655,0.3832,0.1587,0.1422,23.65,254.7,0.3167,16.78,1.004,0.04247,0.03836,0.006712,0,0,0,0,0,0,0,0,0
1656,0.3862,0.1533,0.1392,23.05,254.3,0.3129,16.86,0.9469,0.04108,0.03611,0.006606,0,0,0,0,0,0,0,0,0
1657,0.3891,0.1489,0.1368,22.46,253.9,0.31,16.94,0.8984,0.04,0.03422,0.006526,0,0,0,0,0,0,0,0,0
1658,0.3884,0.145,0.1337,22.34,253.4,0.3078,17.01,0.867,0.03881,0.03258,0.006463,0,0,0,0,0,0,0,0,0
1659,0.3836,0.2009,0.1835,22.75,252.9,0.3084,17.07,1.215,0.0534,0.031,0.00648,0,0,0,0,0,0,0,0,0
1660,0.3766,0.2411,0.2166,23.21,252.4,0.3232,17.09,1.533,0.06603,0.03206,0.006897,0,0,0,0,0,0,0,0,0
1661,0.3683,0.2683,0.236,23.68,251.9,0.3474,17.11,1.831,0.07735,0.03496,0.007602,0,0,0,0,0,0,0,0,0
1662,0.3591,0.286,0.2457,24.14,251.3,0.3778,17.14,2.114,0.08758,0.03926,0.008522,0,0,0,0,0,0,0,0,0
1663,0.3496,0.2967,0.2485,24.6,250.8,0.4114,17.16,2.373,0.09645,0.04466,0.009588,0,0,0,0,0,0,0,0,0
1664,0.34,0.3021,0.2465,25.07,250.2,0.4455,17.19,2.597,0.1036,0.05088,0.01072,0,0,0,0,0,0,0,0,0
1665,0.3309,0.3038,0.2417,25.53,249.6,0.4775,17.21,2.779,0.1089,0.05761,0.01183,0,0,0,0,0,0,0,0,0
1666,0.3225,0.3032,0.2354,25.99,249,0.5051,17.24,2.916,0.1122,0.06452,0.01282,0,0,0,0,0,0,0,0,0
1667,0.3149,0.3014,0.2289,26.46,248.3,0.5266,17.26,3.008,0.1137,0.07125,0.01362,0,0,0,0,0,0,0,0,0
1668,0.3083,0.2993,0.2229,26.92,247.7,0.5411,17.29,3.063,0.1138,0.07741,0.01417,0,0,0,0,0,0,0,0,0
1669,0.3026,0.2977,0.2179,27.38,247,0.5485,17.31,3.088,0.1128,0.08266,0.01446,0,0,0,0,0,0,0,0,0
1670,0.2977,0.297,0.2142,27.85,246.3,0.5494,17.34,3.092,0.111,0.08672,0.01449,0,0,0,0,0,0,0,0,0
1671,0.2935,0.2973,0.2118,28.31,245.6,0.545,17.36,3.083,0.1089,0.08943,0.01432,0,0,0,0,0,0,0,0,0
1672,0.2899,0.2987,0.2104,28.78,244.9,0.5367,17.39,3.066,0.1065,0.0908,0.014,0,0,0,0,0,0,0,0,0
1673,0.2866,0.301,0.21,29.24,244.1,0.5258,17.41,3.045,0.1041,0.09093,0.01359,0,0,0,0,0,0,0,0,0
1674,0.2836,0.304,0.2102,29.7,243.3,0.5137,17.43,3.025,0.1018,0.09008,0.01314,0,0,0,0,0,0,0,0,0
1675,0.2806,0.3076,0.2107,30.17,242.5,0.5014,17.46,3.007,0.09969,0.0885,0.01269,0,0,0,0,0,0,0,0,0
1676,0.2776,0.3114,0.2115,30.63,241.7,0.4897,17.48,2.993,0.09771,0.08648,0.01227,0,0,0,0,0,0,0,0,0
1677,0.2746,0.3155,0.2122,31.09,240.9,0.4792,17.51,2.983,0.09594,0.08425,0.01189,0,0,0,0,0,0,0,0,0
1678,0.2715,0.3196,0.2128,31.56,240,0.4699,17.53,2.977,0.09435,0.08199,0.01156,0,0,0,0,0,0,0,0,0
1679,0.2682,0.3236,0.2132,32.02,239.2,0.462,17.56,2.976,0.09294,0.07982,0.01129,0,0,0,0,0,0,0,0,0
1680,0.2648,0.3275,0.2134,32.48,238.3,0.4555,17.58,2.978,0.09169,0.07781,0.01106,0,0,0,0,0,0,0,0,0
1681,0.2612,0.3312,0.2132,32.95,237.4,0.4501,17.61,2.984,0.09056,0.076,0.01088,0,0,0,0,0,0,0,0,0
1682,0.2576,0.3346,0.2128,33.41,236.4,0.4459,17.63,2.991,0.08953,0.07438,0.01073,0,0,0,0,0,0,0,0,0
1683,0.2539,0.3379,0.2122,33.87,235.5,0.4425,17.66,3,0.08857,0.07295,0.01062,0,0,0,0,0,0,0,0,0
1684,0.2502,0.341,0.2113,34.34,234.5,0.4398,17.68,3.01,0.08766,0.0717,0.01053,0,0,0,0,0,0,0,0,0
1685,0.2464,0.3439,0.2102,34.8,233.5,0.4376,17.71,3.02,0.08678,0.07059,0.01045,0,0,0,0,0,0,0,0,0
1686,0.2426,0.3467,0.2089,35.27,232.5,0.4359,17.73,3.03,0.08591,0.0696,0.01039,0,0,0,0,0,0,0,0,0
1687,0.2388,0.3493,0.2076,35.73,231.5,0.4344,17.76,3.039,0.08506,0.06871,0.01034,0,0,0,0,0,0,0,0,0
1688,0.235,0.3521,0.2063,36.2,230.4,0.433,17.78,3.05,0.08426,0.06786,0.0103,0,0,0,0,0,0,0,0,0
1689,0.231,0.3585,0.2067,36.73,229.3,0.4314,17.8,3.09,0.08413,0.06688,0.01025,0,0,0,0,0,0,0,0,0
1690,0.2273,0.3643,0.2065,37.28,228.2,0.4307,17.79,3.127,0.08388,0.06614,0.01022,0,0,0,0,0,0,0,0,0
1691,0.2235,0.3696,0.2058,37.82,227.1,0.4304,17.77,3.16,0.08356,0.06558,0.01021,0,0,0,0,0,0,0,0,0
1692,0.2197,0.3745,0.2048,38.36,226,0.4305,17.76,3.19,0.08315,0.06514,0.01021,0,0,0,0,0,0,0,0,0
1693,0.216,0.379,0.2035,38.9,224.9,0.4305,17.74,3.215,0.08265,0.06476,0.01022,0,0,0,0,0,0,0,0,0
1694,0.2123,0.3832,0.2021,39.45,223.7,0.4305,17.73,3.237,0.08206,0.06442,0.01022,0,0,0,0,0,0,0,0,0
1695,0.2088,0.3871,0.2005,39.99,222.5,0.4303,17.71,3.255,0.0814,0.06408,0.01021,0,0,0,0,0,0,0,0,0
1696,0.2053,0.391,0.1989,40.53,221.3,0.4298,17.69,3.269,0.08065,0.06371,0.01019,0,0,0,0,0,0,0,0,0
1697,0.2018,0.3947,0.1973,41.07,220.1,0.429,17.68,3.279,0.07984,0.06331,0.01017,0,0,0,0,0,0,0,0,0
1698,0.1985,0.3983,0.1956,41.62,218.8,0.428,17.66,3.287,0.07898,0.06285,0.01013,0,0,0,0,0,0,0,0,0
1699,0.1953,0.4019,0.1939,42.16,217.6,0.4267,17.65,3.291,0.07806,0.06233,0.01009,0,0,0,0,0,0,0,0,0
1700,0.1921,0.4054,0.1923,42.7,216.3,0.4251,17.63,3.293,0.07711,0.06177,0.01004,0,0,0,0,0,0,0,0,0
1701,0.189,0.4089,0.1907,43.24,215,0.4233,17.62,3.292,0.07614,0.06114,0.009977,0,0,0,0,0,0,0,0,0
1702,0.186,0.4125,0.189,43.79,213.7,0.4213,17.6,3.29,0.07514,0.06047,0.009913,0,0,0,0,0,0,0,0,0
1703,0.183,0.416,0.1874,44.33,212.4,0.4192,17.59,3.286,0.07413,0.05976,0.009843,0,0,0,0,0,0,0,0,0
1704,0.1801,0.4196,0.1858,44.87,211,0.417,17.57,3.28,0.07311,0.05901,0.009771,0,0,0,0,0,0,0,0,0
1705,0.1772,0.4231,0.1842,45.41,209.7,0.4147,17.56,3.274,0.07209,0.05823,0.009696,0,0,0,0,0,0,0,0,0
1706,0.1744,0.4267,0.1827,45.96,208.3,0.4124,17.54,3.266,0.07107,0.05742,0.00962,0,0,0,0,0,0,0,0,0
1707,0.1716,0.4303,0.1811,46.5,206.9,0.4101,17.53,3.258,0.07006,0.0566,0.009544,0,0,0,0,0,0,0,0,0
1708,0.1689,0.4339,0.1795,47.04,205.5,0.4077,17.51,3.248,0.06905,0.05577,0.009468,0,0,0,0,0,0,0,0,0
1709,0.1662,0.4375,0.178,47.58,204.1,0.4053,17.5,3.238,0.06805,0.05493,0.009392,0,0,0,0,0,0,0,0,0
1710,0.1635,0.4411,0.1764,48.13,202.6,0.403,17.48,3.228,0.06706,0.0541,0.009317,0,0,0,0,0,0,0,0,0
1711,0.1609,0.4448,0.1748,48.67,201.2,0.4007,17.47,3.216,0.06609,0.05326,0.009243,0,0,0,0,0,0,0,0,0
1712,0.1583,0.4484,0.1732,49.21,199.7,0.3984,17.45,3.204,0.06512,0.05242,0.009171,0,0,0,0,0,0,0,0,0
1713,0.1557,0.4521,0.1717,49.75,198.3,0.3962,17.44,3.192,0.06416,0.05159,0.0091,0,0,0,0,0,0,0,0,0
1714,0.1532,0.4557,0.1701,50.3,196.8,0.394,17.42,3.179,0.06321,0.05077,0.00903,0,0,0,0,0,0,0,0,0
1715,0.1507,0.4594,0.1685,50.84,195.3,0.3918,17.4,3.166,0.06228,0.04996,0.008961,0,0,0,0,0,0,0,0,0
1716,0.1483,0.463,0.1669,51.38,193.7,0.3897,17.39,3.152,0.06135,0.04915,0.008894,0,0,0,0,0,0,0,0,0
1717,0.1458,0.4667,0.1653,51.92,192.2,0.3876,17.37,3.138,0.06043,0.04836,0.008827,0,0,0,0,0,0,0,0,0
1718,0.1434,0.4703,0.1637,52.46,190.7,0.3855,17.36,3.123,0.05952,0.04757,0.008762,0,0,0,0,0,0,0,0,0
1719,0.1411,0.4734,0.1619,52.98,189.1,0.3836,17.34,3.104,0.05858,0.04684,0.008702,0,0,0,0,0,0,0,0,0
1720,0.1389,0.4761,0.16,53.49,187.6,0.3817,17.31,3.081,0.05761,0.04612,0.008642,0,0,0,0,0,0,0,0,0
1721,0.1368,0.4789,0.1581,53.99,186,0.3796,17.27,3.057,0.05663,0.04539,0.008578,0,0,0,0,0,0,0,0,0
1722,0.1348,0.4818,0.1563,54.49,184.4,0.3774,17.24,3.033,0.05566,0.04463,0.008511,0,0,0,0,0,0,0,0,0
1723,0.1327,0.4848,0.1545,55,182.9,0.3752,17.2,3.008,0.0547,0.04386,0.008442,0,0,0,0,0,0,0,0,0
1724,0.1308,0.4878,0.1528,55.5,181.3,0.3729,17.16,2.984,0.05376,0.04308,0.008372,0,0,0,0,0,0,0,0,0
1725,0.1288,0.4909,0.1511,56,179.7,0.3707,17.12,2.959,0.05283,0.0423,0.008302,0,0,0,0,0,0,0,0,0
1726,0.1268,0.4941,0.1494,56.51,178.1,0.3684,17.08,2.933,0.05191,0.04152,0.008232,0,0,0,0,0,0,0,0,0
1727,0.1249,0.4973,0.1477,57.01,176.5,0.3661,17.04,2.908,0.05101,0.04075,0.008162,0,0,0,0,0,0,0,0,0
1728,0.123,0.5005,0.1461,57.51,174.8,0.3638,17.01,2.883,0.05013,0.03997,0.008093,0,0,0,0,0,0,0,0,0
1729,0.1212,0.5038,0.1444,58.02,173.2,0.3615,16.97,2.858,0.04926,0.03921,0.008025,0,0,0,0,0,0,0,0,0
1730,0.1193,0.5071,0.1428,58.52,171.6,0.3593,16.93,2.832,0.0484,0.03846,0.007958,0,0,0,0,0,0,0,0,0
1731,0.1175,0.5104,0.1412,59.02,170,0.3571,16.89,2.807,0.04756,0.03771,0.007891,0,0,0,0,0,0,0,0,0
1732,0.1157,0.5137,0.1396,59.52,168.3,0.355,16.85,2.782,0.04673,0.03698,0.007826,0,0,0,0,0,0,0,0,0
1733,0.1139,0.5171,0.1379,60.03,166.7,0.3528,16.81,2.756,0.04592,0.03626,0.007763,0,0,0,0,0,0,0,0,0
1734,0.1121,0.5204,0.1364,60.53,165.1,0.3507,16.77,2.731,0.04511,0.03555,0.0077,0,0,0,0,0,0,0,0,0
1735,0.1103,0.5238,0.1348,61.03,163.4,0.3486,16.74,2.705,0.04432,0.03485,0.007638,0,0,0,0,0,0,0,0,0
1736,0.1086,0.5272,0.1332,61.54,161.8,0.3466,16.7,2.68,0.04354,0.03416,0.007577,0,0,0,0,0,0,0,0,0
1737,0.1069,0.5306,0.1316,62.04,160.2,0.3445,16.66,2.654,0.04277,0.03349,0.007517,0,0,0,0,0,0,0,0,0
1738,0.1052,0.534,0.13,62.54,158.5,0.3425,16.62,2.628,0.04202,0.03282,0.007457,0,0,0,0,0,0,0,0,0
1739,0.1035,0.5374,0.1285,63.05,156.9,0.3405,16.58,2.602,0.04127,0.03217,0.007398,0,0,0,0,0,0,0,0,0
1740,0.1019,0.5408,0.1269,63.55,155.3,0.3385,16.54,2.576,0.04053,0.03153,0.00734,0,0,0,0,0,0,0,0,0
1741,0.1003,0.5441,0.1254,64.05,153.6,0.3366,16.51,2.549,0.0398,0.03089,0.007283,0,0,0,0,0,0,0,0,0
1742,0.09868,0.5475,0.1238,64.55,152,0.3346,16.47,2.523,0.03908,0.03027,0.007226,0,0,0,0,0,0,0,0,0
1743,0.0971,0.5509,0.1223,65.06,150.4,0.3326,16.43,2.497,0.03837,0.02966,0.007169,0,0,0,0,0,0,0,0,0
1744,0.09554,0.5542,0.1208,65.56,148.8,0.3307,16.39,2.47,0.03767,0.02905,0.007113,0,0,0,0,0,0,0,0,0
1745,0.094,0.5576,0.1192,66.06,147.2,0.3287,16.35,2.443,0.03698,0.02846,0.007057,0,0,0,0,0,0,0,0,0
1746,0.09249,0.5609,0.1177,66.57,145.5,0.3268,16.31,2.416,0.0363,0.02787,0.007001,0,0,0,0,0,0,0,0,0
1747,0.09099,0.5643,0.1162,67.07,144,0.3249,16.28,2.389,0.03562,0.0273,0.006946,0,0,0,0,0,0,0,0,0
1748,0.08952,0.5676,0.1147,67.57,142.4,0.3229,16.24,2.362,0.03496,0.02673,0.00689,0,0,0,0,0,0,0,0,0
1749,0.08805,0.5713,0.1133,68.11,140.8,0.3209,16.2,2.336,0.0343,0.02613,0.006831,0,0,0,0,0,0,0,0,0
1750,0.08652,0.5764,0.112,68.76,139.2,0.3183,16.16,2.313,0.03365,0.02544,0.006759,0,0,0,0,0,0,0,0,0
1751,0.08505,0.5814,0.1107,69.41,137.6,0.316,16.1,2.29,0.03299,0.02478,0.006692,0,0,0,0,0,0,0,0,0
1752,0.0836,0.5863,0.1093,70.07,136.1,0.3137,16.04,2.267,0.03235,0.02415,0.006629,0,0,0,0,0,0,0,0,0
1753,0.08217,0.5911,0.1079,70.73,134.5,0.3116,15.98,2.243,0.03172,0.02354,0.006569,0,0,0,0,0,0,0,0,0
1754,0.08076,0.5957,0.1065,71.39,133,0.3095,15.92,2.22,0.03109,0.02296,0.006511,0,0,0,0,0,0,0,0,0
1755,0.07937,0.6002,0.1051,72.04,131.5,0.3075,15.87,2.196,0.03048,0.0224,0.006456,0,0,0,0,0,0,0,0,0
1756,0.078,0.6046,0.1036,72.7,130,0.3056,15.81,2.172,0.02987,0.02186,0.006402,0,0,0,0,0,0,0,0,0
1757,0.07666,0.6089,0.1022,73.36,128.5,0.3037,15.75,2.147,0.02927,0.02134,0.006349,0,0,0,0,0,0,0,0,0
1758,0.07534,0.613,0.1007,74.02,127,0.3018,15.69,2.123,0.02868,0.02083,0.006298,0,0,0,0,0,0,0,0,0
1759,0.07405,0.6171,0.0993,74.67,125.5,0.3,15.63,2.098,0.0281,0.02033,0.006247,0,0,0,0,0,0,0,0,0
1760,0.07279,0.6211,0.09787,75.33,124.1,0.2981,15.58,2.073,0.02752,0.01985,0.006196,0,0,0,0,0,0,0,0,0
1761,0.07154,0.625,0.09644,75.99,122.6,0.2963,15.52,2.048,0.02696,0.01938,0.006146,0,0,0,0,0,0,0,0,0
1762,0.07033,0.6287,0.09503,76.65,121.2,0.2945,15.46,2.023,0.0264,0.01892,0.006096,0,0,0,0,0,0,0,0,0
1763,0.06914,0.6325,0.09363,77.3,119.8,0.2926,15.4,1.998,0.02585,0.01847,0.006047,0,0,0,0,0,0,0,0,0
1764,0.06798,0.6361,0.09224,77.96,118.4,0.2908,15.34,1.973,0.02531,0.01802,0.005997,0,0,0,0,0,0,0,0,0
1765,0.06684,0.6396,0.09086,78.62,117.1,0.289,15.29,1.947,0.02477,0.01759,0.005947,0,0,0,0,0,0,0,0,0
1766,0.06573,0.6431,0.08951,79.28,115.7,0.2871,15.23,1.922,0.02425,0.01717,0.005898,0,0,0,0,0,0,0,0,0
1767,0.06464,0.6465,0.08817,79.93,114.4,0.2853,15.17,1.897,0.02373,0.01675,0.005848,0,0,0,0,0,0,0,0,0
1768,0.06358,0.6498,0.08684,80.59,113.1,0.2834,15.11,1.871,0.02322,0.01634,0.005798,0,0,0,0,0,0,0,0,0
1769,0.06255,0.6531,0.08554,81.25,111.8,0.2816,15.06,1.846,0.02272,0.01594,0.005749,0,0,0,0,0,0,0,0,0
1770,0.06154,0.6563,0.08426,81.91,110.5,0.2797,15,1.821,0.02224,0.01554,0.0057,0,0,0,0,0,0,0,0,0
1771,0.06055,0.6594,0.08299,82.56,109.3,0.2779,14.94,1.796,0.02176,0.01515,0.00565,0,0,0,0,0,0,0,0,0
1772,0.05959,0.6625,0.08175,83.22,108,0.276,14.88,1.772,0.02129,0.01478,0.005601,0,0,0,0,0,0,0,0,0
1773,0.05865,0.6655,0.08053,83.88,106.8,0.2742,14.82,1.747,0.02083,0.0144,0.005552,0,0,0,0,0,0,0,0,0
1774,0.05773,0.6685,0.07933,84.54,105.6,0.2723,14.77,1.723,0.02038,0.01404,0.005504,0,0,0,0,0,0,0,0,0
1775,0.05684,0.6714,0.07816,85.19,104.5,0.2705,14.71,1.699,0.01994,0.01368,0.005456,0,0,0,0,0,0,0,0,0
1776,0.05597,0.6742,0.077,85.85,103.3,0.2687,14.65,1.676,0.01952,0.01333,0.005408,0,0,0,0,0,0,0,0,0
1777,0.05513,0.677,0.07587,86.51,102.2,0.2668,14.59,1.652,0.0191,0.01299,0.00536,0,0,0,0,0,0,0,0,0
1778,0.05431,0.6797,0.07476,87.17,101.1,0.265,14.53,1.629,0.01869,0.01266,0.005313,0,0,0,0,0,0,0,0,0
1779,0.05351,0.6824,0.07368,87.82,100.1,0.2632,14.48,1.607,0.0183,0.01233,0.005266,0,0,0,0,0,0,0,0,0
1780,0.05237,0.6895,0.07261,89.39,99.02,0.2587,14.42,1.584,0.01772,0.01166,0.00515,0,0,0,0,0,0,0,0,0
1781,0.05111,0.6972,0.07146,91.24,98.01,0.2539,14.38,1.562,0.01712,0.01097,0.005028,0,0,0,0,0,0,0,0,0
1782,0.04987,0.7044,0.07027,93.11,97.02,0.2495,14.34,1.54,0.01654,0.01033,0.004916,0,0,0,0,0,0,0,0,0
1783,0.04866,0.711,0.06905,94.98,96.05,0.2455,14.3,1.519,0.01599,0.009756,0.004815,0,0,0,0,0,0,0,0,0
1784,0.0475,0.7172,0.06782,96.85,95.12,0.2418,14.27,1.499,0.01547,0.009227,0.004723,0,0,0,0,0,0,0,0,0
1785,0.04637,0.723,0.06659,98.73,94.21,0.2384,14.23,1.478,0.01498,0.00874,0.004638,0,0,0,0,0,0,0,0,0
1786,0.04529,0.7284,0.06536,100.6,93.33,0.2352,14.19,1.459,0.0145,0.008292,0.004559,0,0,0,0,0,0,0,0,0
1787,0.04425,0.7335,0.06415,102.5,92.47,0.2322,14.15,1.44,0.01405,0.007878,0.004485,0,0,0,0,0,0,0,0,0
1788,0.04324,0.7382,0.06295,104.3,91.64,0.2294,14.11,1.421,0.01362,0.007494,0.004416,0,0,0,0,0,0,0,0,0
1789,0.04228,0.7427,0.06177,106.2,90.84,0.2267,14.08,1.403,0.01321,0.007138,0.004352,0,0,0,0,0,0,0,0,0
1790,0.04136,0.747,0.06062,108.1,90.07,0.2242,14.04,1.386,0.01282,0.006806,0.004291,0,0,0,0,0,0,0,0,0
1791,0.04047,0.751,0.0595,109.9,89.33,0.2218,14,1.369,0.01245,0.006496,0.004233,0,0,0,0,0,0,0,0,0
1792,0.03962,0.7548,0.0584,111.8,88.62,0.2195,13.96,1.352,0.01209,0.006205,0.004178,0,0,0,0,0,0,0,0,0
1793,0.0388,0.7584,0.05734,113.7,87.94,0.2173,13.93,1.336,0.01176,0.005934,0.004126,0,0,0,0,0,0,0,0,0
1794,0.03802,0.7618,0.0563,115.6,87.28,0.2152,13.89,1.321,0.01143,0.005678,0.004076,0,0,0,0,0,0,0,0,0
1795,0.03728,0.7651,0.0553,117.4,86.66,0.2132,13.85,1.306,0.01112,0.005438,0.004029,0,0,0,0,0,0,0,0,0
1796,0.03657,0.7682,0.05434,119.3,86.06,0.2113,13.81,1.292,0.01083,0.005212,0.003983,0,0,0,0,0,0,0,0,0
1797,0.03589,0.7712,0.05341,121.2,85.5,0.2094,13.78,1.278,0.01055,0.004999,0.003939,0,0,0,0,0,0,0,0,0
1798,0.03524,0.7741,0.05251,123,84.97,0.2076,13.74,1.265,0.01028,0.004798,0.003896,0,0,0,0,0,0,0,0,0
1799,0.03462,0.7768,0.05164,124.9,84.46,0.2058,13.7,1.253,0.01003,0.004608,0.003855,0,0,0,0,0,0,0,0,0
1800,0.03403,0.7795,0.05081,126.8,83.99,0.2041,13.66,1.241,0.009786,0.004428,0.003816,0,0,0,0,0,0,0,0,0
1801,0.03347,0.782,0.05002,128.7,83.55,0.2025,13.63,1.229,0.009555,0.004258,0.003778,0,0,0,0,0,0,0,0,0
1802,0.03293,0.7844,0.04925,130.5,83.14,0.2009,13.59,1.219,0.009335,0.004097,0.003741,0,0,0,0,0,0,0,0,0
1803,0.03242,0.7867,0.04852,132.4,82.76,0.1994,13.55,1.208,0.009126,0.003944,0.003706,0,0,0,0,0,0,0,0,0
1804,0.03194,0.789,0.04782,134.3,82.41,0.1979,13.51,1.199,0.008927,0.003799,0.003672,0,0,0,0,0,0,0,0,0
1805,0.03149,0.7911,0.04715,136.1,82.09,0.1964,13.48,1.19,0.008738,0.003661,0.003638,0,0,0,0,0,0,0,0,0
1806,0.03105,0.7932,0.04651,138,81.81,0.195,13.44,1.181,0.008559,0.003531,0.003607,0,0,0,0,0,0,0,0,0
1807,0.03064,0.7952,0.04591,139.9,81.55,0.1937,13.4,1.173,0.008389,0.003406,0.003576,0,0,0,0,0,0,0,0,0
1808,0.03026,0.7972,0.04533,141.8,81.33,0.1924,13.36,1.166,0.008227,0.003288,0.003546,0,0,0,0,0,0,0,0,0
1809,0.02989,0.7991,0.04478,143.6,81.14,0.1911,13.33,1.16,0.008074,0.003176,0.003517,0,0,0,0,0,0,0,0,0
1810,0.02948,0.8014,0.04418,146,80.98,0.1892,13.29,1.151,0.007887,0.003038,0.003474,0,0,0,0,0,0,0,0,0
1811,0.02897,0.8044,0.0435,149.1,80.86,0.1864,13.26,1.141,0.00765,0.002865,0.003411,0,0,0,0,0,0,0,0,0
1812,0.02847,0.8073,0.04284,152.3,80.76,0.1837,13.23,1.131,0.007425,0.002703,0.003351,0,0,0,0,0,0,0,0,0
1813,0.028,0.81,0.04221,155.5,80.7,0.1812,13.21,1.122,0.007215,0.002553,0.003295,0,0,0,0,0,0,0,0,0
1814,0.02756,0.8125,0.04161,158.7,80.67,0.1788,13.19,1.114,0.007018,0.002415,0.003241,0,0,0,0,0,0,0,0,0
1815,0.02714,0.815,0.04104,161.9,80.67,0.1765,13.16,1.107,0.006834,0.002287,0.003191,0,0,0,0,0,0,0,0,0
1816,0.02675,0.8174,0.0405,165.1,80.71,0.1743,13.14,1.1,0.006661,0.002168,0.003143,0,0,0,0,0,0,0,0,0
1817,0.02638,0.8196,0.04,168.4,80.77,0.1723,13.11,1.094,0.0065,0.002058,0.003098,0,0,0,0,0,0,0,0,0
1818,0.02604,0.8217,0.03952,171.6,80.87,0.1703,13.09,1.089,0.006349,0.001955,0.003055,0,0,0,0,0,0,0,0,0
1819,0.02572,0.8238,0.03907,174.8,81,0.1684,13.07,1.085,0.006208,0.001859,0.003015,0,0,0,0,0,0,0,0,0
1820,0.02542,0.8258,0.03865,178,81.16,0.1666,13.04,1.081,0.006076,0.00177,0.002976,0,0,0,0,0,0,0,0,0
1821,0.02514,0.8277,0.03825,181.2,81.36,0.165,13.02,1.078,0.005953,0.001687,0.00294,0,0,0,0,0,0,0,0,0
1822,0.02487,0.8295,0.03788,184.4,81.58,0.1633,13,1.076,0.005837,0.001609,0.002905,0,0,0,0,0,0,0,0,0
1823,0.02463,0.8313,0.03753,187.6,81.84,0.1618,12.97,1.075,0.00573,0.001537,0.002872,0,0,0,0,0,0,0,0,0
1824,0.0244,0.833,0.03721,190.8,82.13,0.1604,12.95,1.074,0.005629,0.001469,0.002841,0,0,0,0,0,0,0,0,0
1825,0.0242,0.8346,0.03691,194,82.45,0.159,12.93,1.074,0.005536,0.001406,0.002812,0,0,0,0,0,0,0,0,0
